(kicad_pcb (version 20171130) (host pcbnew "(5.1.2-1)-1")

  (general
    (thickness 1.6)
    (drawings 7)
    (tracks 0)
    (zones 0)
    (modules 27)
    (nets 34)
  )

  (page A4)
  (layers
    (0 F.Cu signal)
    (31 B.Cu signal)
    (32 B.Adhes user)
    (33 F.Adhes user)
    (34 B.Paste user)
    (35 F.Paste user)
    (36 B.SilkS user)
    (37 F.SilkS user)
    (38 B.Mask user)
    (39 F.Mask user)
    (40 Dwgs.User user)
    (41 Cmts.User user)
    (42 Eco1.User user)
    (43 Eco2.User user)
    (44 Edge.Cuts user)
    (45 Margin user)
    (46 B.CrtYd user)
    (47 F.CrtYd user hide)
    (48 B.Fab user)
    (49 F.Fab user hide)
  )

  (setup
    (last_trace_width 0.25)
    (trace_clearance 0.2)
    (zone_clearance 0.508)
    (zone_45_only no)
    (trace_min 0.2)
    (via_size 0.8)
    (via_drill 0.4)
    (via_min_size 0.4)
    (via_min_drill 0.3)
    (uvia_size 0.3)
    (uvia_drill 0.1)
    (uvias_allowed no)
    (uvia_min_size 0.2)
    (uvia_min_drill 0.1)
    (edge_width 0.05)
    (segment_width 0.2)
    (pcb_text_width 0.3)
    (pcb_text_size 1.5 1.5)
    (mod_edge_width 0.12)
    (mod_text_size 1 1)
    (mod_text_width 0.15)
    (pad_size 1.524 1.524)
    (pad_drill 0.762)
    (pad_to_mask_clearance 0.051)
    (solder_mask_min_width 0.25)
    (aux_axis_origin 0 0)
    (visible_elements FFFFFF7F)
    (pcbplotparams
      (layerselection 0x010fc_ffffffff)
      (usegerberextensions false)
      (usegerberattributes false)
      (usegerberadvancedattributes false)
      (creategerberjobfile false)
      (excludeedgelayer true)
      (linewidth 0.100000)
      (plotframeref false)
      (viasonmask false)
      (mode 1)
      (useauxorigin false)
      (hpglpennumber 1)
      (hpglpenspeed 20)
      (hpglpendiameter 15.000000)
      (psnegative false)
      (psa4output false)
      (plotreference true)
      (plotvalue true)
      (plotinvisibletext false)
      (padsonsilk false)
      (subtractmaskfromsilk false)
      (outputformat 1)
      (mirror false)
      (drillshape 1)
      (scaleselection 1)
      (outputdirectory ""))
  )

  (net 0 "")
  (net 1 GND)
  (net 2 "Net-(D1-Pad2)")
  (net 3 "Net-(D2-Pad2)")
  (net 4 "Net-(D3-Pad2)")
  (net 5 "Net-(D4-Pad2)")
  (net 6 "Net-(D5-Pad2)")
  (net 7 "Net-(D6-Pad2)")
  (net 8 "Net-(D7-Pad2)")
  (net 9 "Net-(D8-Pad2)")
  (net 10 VDD)
  (net 11 +5V)
  (net 12 CLEAR)
  (net 13 ENABLE)
  (net 14 QH)
  (net 15 QG)
  (net 16 QF)
  (net 17 QE)
  (net 18 QD)
  (net 19 QC)
  (net 20 QB)
  (net 21 QA)
  (net 22 CARRY_OUT)
  (net 23 S_CLK)
  (net 24 CS)
  (net 25 S_DAT)
  (net 26 O1)
  (net 27 O2)
  (net 28 O3)
  (net 29 O4)
  (net 30 O5)
  (net 31 O6)
  (net 32 O7)
  (net 33 O8)

  (net_class Default "This is the default net class."
    (clearance 0.2)
    (trace_width 0.25)
    (via_dia 0.8)
    (via_drill 0.4)
    (uvia_dia 0.3)
    (uvia_drill 0.1)
    (add_net +5V)
    (add_net CARRY_OUT)
    (add_net CLEAR)
    (add_net CS)
    (add_net ENABLE)
    (add_net GND)
    (add_net "Net-(D1-Pad2)")
    (add_net "Net-(D2-Pad2)")
    (add_net "Net-(D3-Pad2)")
    (add_net "Net-(D4-Pad2)")
    (add_net "Net-(D5-Pad2)")
    (add_net "Net-(D6-Pad2)")
    (add_net "Net-(D7-Pad2)")
    (add_net "Net-(D8-Pad2)")
    (add_net O1)
    (add_net O2)
    (add_net O3)
    (add_net O4)
    (add_net O5)
    (add_net O6)
    (add_net O7)
    (add_net O8)
    (add_net QA)
    (add_net QB)
    (add_net QC)
    (add_net QD)
    (add_net QE)
    (add_net QF)
    (add_net QG)
    (add_net QH)
    (add_net S_CLK)
    (add_net S_DAT)
    (add_net VDD)
  )

  (module HammerheadAudio:M3_MOUNT (layer F.Cu) (tedit 5DA2C37C) (tstamp 5EC410F7)
    (at 2.54 50.165)
    (descr "STANDOFF (#4 SCREW)")
    (tags "STANDOFF (#4 SCREW)")
    (attr virtual)
    (fp_text reference H3 (at 0 -3.302) (layer F.SilkS) hide
      (effects (font (size 0.6096 0.6096) (thickness 0.127)))
    )
    (fp_text value M3/#4-40 (at 0 3.429) (layer F.SilkS) hide
      (effects (font (size 0.6096 0.6096) (thickness 0.127)))
    )
    (fp_circle (center 0 0) (end 0 -2.794) (layer F.CrtYd) (width 0.127))
    (fp_arc (start 0 0) (end 0 -1.8542) (angle 180) (layer F.SilkS) (width 0.2032))
    (fp_arc (start 0 0) (end 0 1.8542) (angle 180) (layer F.SilkS) (width 0.2032))
    (fp_arc (start 0 0) (end 0 -1.8542) (angle 180) (layer F.SilkS) (width 0.2032))
    (fp_arc (start 0 0) (end 0 1.8542) (angle 180) (layer F.SilkS) (width 0.2032))
    (pad "" np_thru_hole circle (at 0 0) (size 3.302 3.302) (drill 3.302) (layers *.Cu *.Mask)
      (solder_mask_margin 0.1016) (clearance 2))
  )

  (module LED_THT:LED_D5.0mm (layer F.Cu) (tedit 5995936A) (tstamp 5EC35061)
    (at 8.255 36.195 90)
    (descr "LED, diameter 5.0mm, 2 pins, http://cdn-reichelt.de/documents/datenblatt/A500/LL-504BC2E-009.pdf")
    (tags "LED diameter 5.0mm 2 pins")
    (path /5EC1343B)
    (fp_text reference D1 (at 1.27 -3.96 90) (layer F.SilkS)
      (effects (font (size 1 1) (thickness 0.15)))
    )
    (fp_text value LED (at 1.27 3.96 90) (layer F.Fab)
      (effects (font (size 1 1) (thickness 0.15)))
    )
    (fp_arc (start 1.27 0) (end -1.23 -1.469694) (angle 299.1) (layer F.Fab) (width 0.1))
    (fp_arc (start 1.27 0) (end -1.29 -1.54483) (angle 148.9) (layer F.SilkS) (width 0.12))
    (fp_arc (start 1.27 0) (end -1.29 1.54483) (angle -148.9) (layer F.SilkS) (width 0.12))
    (fp_circle (center 1.27 0) (end 3.77 0) (layer F.Fab) (width 0.1))
    (fp_circle (center 1.27 0) (end 3.77 0) (layer F.SilkS) (width 0.12))
    (fp_line (start -1.23 -1.469694) (end -1.23 1.469694) (layer F.Fab) (width 0.1))
    (fp_line (start -1.29 -1.545) (end -1.29 1.545) (layer F.SilkS) (width 0.12))
    (fp_line (start -1.95 -3.25) (end -1.95 3.25) (layer F.CrtYd) (width 0.05))
    (fp_line (start -1.95 3.25) (end 4.5 3.25) (layer F.CrtYd) (width 0.05))
    (fp_line (start 4.5 3.25) (end 4.5 -3.25) (layer F.CrtYd) (width 0.05))
    (fp_line (start 4.5 -3.25) (end -1.95 -3.25) (layer F.CrtYd) (width 0.05))
    (fp_text user %R (at 1.25 0 90) (layer F.Fab)
      (effects (font (size 0.8 0.8) (thickness 0.2)))
    )
    (pad 1 thru_hole rect (at 0 0 90) (size 1.8 1.8) (drill 0.9) (layers *.Cu *.Mask)
      (net 1 GND))
    (pad 2 thru_hole circle (at 2.54 0 90) (size 1.8 1.8) (drill 0.9) (layers *.Cu *.Mask)
      (net 2 "Net-(D1-Pad2)"))
    (model ${KISYS3DMOD}/LED_THT.3dshapes/LED_D5.0mm.wrl
      (at (xyz 0 0 0))
      (scale (xyz 1 1 1))
      (rotate (xyz 0 0 0))
    )
  )

  (module LED_THT:LED_D5.0mm (layer F.Cu) (tedit 5995936A) (tstamp 5EC35073)
    (at 19.685 36.195 90)
    (descr "LED, diameter 5.0mm, 2 pins, http://cdn-reichelt.de/documents/datenblatt/A500/LL-504BC2E-009.pdf")
    (tags "LED diameter 5.0mm 2 pins")
    (path /5EC13BD3)
    (fp_text reference D2 (at 1.27 -3.96 90) (layer F.SilkS)
      (effects (font (size 1 1) (thickness 0.15)))
    )
    (fp_text value LED (at 1.27 3.96 90) (layer F.Fab)
      (effects (font (size 1 1) (thickness 0.15)))
    )
    (fp_text user %R (at 1.25 0 90) (layer F.Fab)
      (effects (font (size 0.8 0.8) (thickness 0.2)))
    )
    (fp_line (start 4.5 -3.25) (end -1.95 -3.25) (layer F.CrtYd) (width 0.05))
    (fp_line (start 4.5 3.25) (end 4.5 -3.25) (layer F.CrtYd) (width 0.05))
    (fp_line (start -1.95 3.25) (end 4.5 3.25) (layer F.CrtYd) (width 0.05))
    (fp_line (start -1.95 -3.25) (end -1.95 3.25) (layer F.CrtYd) (width 0.05))
    (fp_line (start -1.29 -1.545) (end -1.29 1.545) (layer F.SilkS) (width 0.12))
    (fp_line (start -1.23 -1.469694) (end -1.23 1.469694) (layer F.Fab) (width 0.1))
    (fp_circle (center 1.27 0) (end 3.77 0) (layer F.SilkS) (width 0.12))
    (fp_circle (center 1.27 0) (end 3.77 0) (layer F.Fab) (width 0.1))
    (fp_arc (start 1.27 0) (end -1.29 1.54483) (angle -148.9) (layer F.SilkS) (width 0.12))
    (fp_arc (start 1.27 0) (end -1.29 -1.54483) (angle 148.9) (layer F.SilkS) (width 0.12))
    (fp_arc (start 1.27 0) (end -1.23 -1.469694) (angle 299.1) (layer F.Fab) (width 0.1))
    (pad 2 thru_hole circle (at 2.54 0 90) (size 1.8 1.8) (drill 0.9) (layers *.Cu *.Mask)
      (net 3 "Net-(D2-Pad2)"))
    (pad 1 thru_hole rect (at 0 0 90) (size 1.8 1.8) (drill 0.9) (layers *.Cu *.Mask)
      (net 1 GND))
    (model ${KISYS3DMOD}/LED_THT.3dshapes/LED_D5.0mm.wrl
      (at (xyz 0 0 0))
      (scale (xyz 1 1 1))
      (rotate (xyz 0 0 0))
    )
  )

  (module LED_THT:LED_D5.0mm (layer F.Cu) (tedit 5995936A) (tstamp 5EC35085)
    (at 31.115 36.195 90)
    (descr "LED, diameter 5.0mm, 2 pins, http://cdn-reichelt.de/documents/datenblatt/A500/LL-504BC2E-009.pdf")
    (tags "LED diameter 5.0mm 2 pins")
    (path /5EC14301)
    (fp_text reference D3 (at 1.27 -3.96 90) (layer F.SilkS)
      (effects (font (size 1 1) (thickness 0.15)))
    )
    (fp_text value LED (at 1.27 3.96 90) (layer F.Fab)
      (effects (font (size 1 1) (thickness 0.15)))
    )
    (fp_arc (start 1.27 0) (end -1.23 -1.469694) (angle 299.1) (layer F.Fab) (width 0.1))
    (fp_arc (start 1.27 0) (end -1.29 -1.54483) (angle 148.9) (layer F.SilkS) (width 0.12))
    (fp_arc (start 1.27 0) (end -1.29 1.54483) (angle -148.9) (layer F.SilkS) (width 0.12))
    (fp_circle (center 1.27 0) (end 3.77 0) (layer F.Fab) (width 0.1))
    (fp_circle (center 1.27 0) (end 3.77 0) (layer F.SilkS) (width 0.12))
    (fp_line (start -1.23 -1.469694) (end -1.23 1.469694) (layer F.Fab) (width 0.1))
    (fp_line (start -1.29 -1.545) (end -1.29 1.545) (layer F.SilkS) (width 0.12))
    (fp_line (start -1.95 -3.25) (end -1.95 3.25) (layer F.CrtYd) (width 0.05))
    (fp_line (start -1.95 3.25) (end 4.5 3.25) (layer F.CrtYd) (width 0.05))
    (fp_line (start 4.5 3.25) (end 4.5 -3.25) (layer F.CrtYd) (width 0.05))
    (fp_line (start 4.5 -3.25) (end -1.95 -3.25) (layer F.CrtYd) (width 0.05))
    (fp_text user %R (at 1.25 0 90) (layer F.Fab)
      (effects (font (size 0.8 0.8) (thickness 0.2)))
    )
    (pad 1 thru_hole rect (at 0 0 90) (size 1.8 1.8) (drill 0.9) (layers *.Cu *.Mask)
      (net 1 GND))
    (pad 2 thru_hole circle (at 2.54 0 90) (size 1.8 1.8) (drill 0.9) (layers *.Cu *.Mask)
      (net 4 "Net-(D3-Pad2)"))
    (model ${KISYS3DMOD}/LED_THT.3dshapes/LED_D5.0mm.wrl
      (at (xyz 0 0 0))
      (scale (xyz 1 1 1))
      (rotate (xyz 0 0 0))
    )
  )

  (module LED_THT:LED_D5.0mm (layer F.Cu) (tedit 5995936A) (tstamp 5EC35097)
    (at 42.545 36.195 90)
    (descr "LED, diameter 5.0mm, 2 pins, http://cdn-reichelt.de/documents/datenblatt/A500/LL-504BC2E-009.pdf")
    (tags "LED diameter 5.0mm 2 pins")
    (path /5EC1430B)
    (fp_text reference D4 (at 1.27 -3.96 90) (layer F.SilkS)
      (effects (font (size 1 1) (thickness 0.15)))
    )
    (fp_text value LED (at 1.27 3.96 90) (layer F.Fab)
      (effects (font (size 1 1) (thickness 0.15)))
    )
    (fp_text user %R (at 1.25 0 90) (layer F.Fab)
      (effects (font (size 0.8 0.8) (thickness 0.2)))
    )
    (fp_line (start 4.5 -3.25) (end -1.95 -3.25) (layer F.CrtYd) (width 0.05))
    (fp_line (start 4.5 3.25) (end 4.5 -3.25) (layer F.CrtYd) (width 0.05))
    (fp_line (start -1.95 3.25) (end 4.5 3.25) (layer F.CrtYd) (width 0.05))
    (fp_line (start -1.95 -3.25) (end -1.95 3.25) (layer F.CrtYd) (width 0.05))
    (fp_line (start -1.29 -1.545) (end -1.29 1.545) (layer F.SilkS) (width 0.12))
    (fp_line (start -1.23 -1.469694) (end -1.23 1.469694) (layer F.Fab) (width 0.1))
    (fp_circle (center 1.27 0) (end 3.77 0) (layer F.SilkS) (width 0.12))
    (fp_circle (center 1.27 0) (end 3.77 0) (layer F.Fab) (width 0.1))
    (fp_arc (start 1.27 0) (end -1.29 1.54483) (angle -148.9) (layer F.SilkS) (width 0.12))
    (fp_arc (start 1.27 0) (end -1.29 -1.54483) (angle 148.9) (layer F.SilkS) (width 0.12))
    (fp_arc (start 1.27 0) (end -1.23 -1.469694) (angle 299.1) (layer F.Fab) (width 0.1))
    (pad 2 thru_hole circle (at 2.54 0 90) (size 1.8 1.8) (drill 0.9) (layers *.Cu *.Mask)
      (net 5 "Net-(D4-Pad2)"))
    (pad 1 thru_hole rect (at 0 0 90) (size 1.8 1.8) (drill 0.9) (layers *.Cu *.Mask)
      (net 1 GND))
    (model ${KISYS3DMOD}/LED_THT.3dshapes/LED_D5.0mm.wrl
      (at (xyz 0 0 0))
      (scale (xyz 1 1 1))
      (rotate (xyz 0 0 0))
    )
  )

  (module LED_THT:LED_D5.0mm (layer F.Cu) (tedit 5995936A) (tstamp 5EC388C3)
    (at 42.545 65.278 270)
    (descr "LED, diameter 5.0mm, 2 pins, http://cdn-reichelt.de/documents/datenblatt/A500/LL-504BC2E-009.pdf")
    (tags "LED diameter 5.0mm 2 pins")
    (path /5EC179CE)
    (fp_text reference D5 (at 1.27 -3.96 90) (layer F.SilkS)
      (effects (font (size 1 1) (thickness 0.15)))
    )
    (fp_text value LED (at 1.27 3.96 90) (layer F.Fab)
      (effects (font (size 1 1) (thickness 0.15)))
    )
    (fp_arc (start 1.27 0) (end -1.23 -1.469694) (angle 299.1) (layer F.Fab) (width 0.1))
    (fp_arc (start 1.27 0) (end -1.29 -1.54483) (angle 148.9) (layer F.SilkS) (width 0.12))
    (fp_arc (start 1.27 0) (end -1.29 1.54483) (angle -148.9) (layer F.SilkS) (width 0.12))
    (fp_circle (center 1.27 0) (end 3.77 0) (layer F.Fab) (width 0.1))
    (fp_circle (center 1.27 0) (end 3.77 0) (layer F.SilkS) (width 0.12))
    (fp_line (start -1.23 -1.469694) (end -1.23 1.469694) (layer F.Fab) (width 0.1))
    (fp_line (start -1.29 -1.545) (end -1.29 1.545) (layer F.SilkS) (width 0.12))
    (fp_line (start -1.95 -3.25) (end -1.95 3.25) (layer F.CrtYd) (width 0.05))
    (fp_line (start -1.95 3.25) (end 4.5 3.25) (layer F.CrtYd) (width 0.05))
    (fp_line (start 4.5 3.25) (end 4.5 -3.25) (layer F.CrtYd) (width 0.05))
    (fp_line (start 4.5 -3.25) (end -1.95 -3.25) (layer F.CrtYd) (width 0.05))
    (fp_text user %R (at 1.25 0 90) (layer F.Fab)
      (effects (font (size 0.8 0.8) (thickness 0.2)))
    )
    (pad 1 thru_hole rect (at 0 0 270) (size 1.8 1.8) (drill 0.9) (layers *.Cu *.Mask)
      (net 1 GND))
    (pad 2 thru_hole circle (at 2.54 0 270) (size 1.8 1.8) (drill 0.9) (layers *.Cu *.Mask)
      (net 6 "Net-(D5-Pad2)"))
    (model ${KISYS3DMOD}/LED_THT.3dshapes/LED_D5.0mm.wrl
      (at (xyz 0 0 0))
      (scale (xyz 1 1 1))
      (rotate (xyz 0 0 0))
    )
  )

  (module LED_THT:LED_D5.0mm (layer F.Cu) (tedit 5995936A) (tstamp 5EC38890)
    (at 31.115 65.278 270)
    (descr "LED, diameter 5.0mm, 2 pins, http://cdn-reichelt.de/documents/datenblatt/A500/LL-504BC2E-009.pdf")
    (tags "LED diameter 5.0mm 2 pins")
    (path /5EC179D8)
    (fp_text reference D6 (at 1.27 -3.96 90) (layer F.SilkS)
      (effects (font (size 1 1) (thickness 0.15)))
    )
    (fp_text value LED (at 1.27 3.96 90) (layer F.Fab)
      (effects (font (size 1 1) (thickness 0.15)))
    )
    (fp_text user %R (at 1.25 0 90) (layer F.Fab)
      (effects (font (size 0.8 0.8) (thickness 0.2)))
    )
    (fp_line (start 4.5 -3.25) (end -1.95 -3.25) (layer F.CrtYd) (width 0.05))
    (fp_line (start 4.5 3.25) (end 4.5 -3.25) (layer F.CrtYd) (width 0.05))
    (fp_line (start -1.95 3.25) (end 4.5 3.25) (layer F.CrtYd) (width 0.05))
    (fp_line (start -1.95 -3.25) (end -1.95 3.25) (layer F.CrtYd) (width 0.05))
    (fp_line (start -1.29 -1.545) (end -1.29 1.545) (layer F.SilkS) (width 0.12))
    (fp_line (start -1.23 -1.469694) (end -1.23 1.469694) (layer F.Fab) (width 0.1))
    (fp_circle (center 1.27 0) (end 3.77 0) (layer F.SilkS) (width 0.12))
    (fp_circle (center 1.27 0) (end 3.77 0) (layer F.Fab) (width 0.1))
    (fp_arc (start 1.27 0) (end -1.29 1.54483) (angle -148.9) (layer F.SilkS) (width 0.12))
    (fp_arc (start 1.27 0) (end -1.29 -1.54483) (angle 148.9) (layer F.SilkS) (width 0.12))
    (fp_arc (start 1.27 0) (end -1.23 -1.469694) (angle 299.1) (layer F.Fab) (width 0.1))
    (pad 2 thru_hole circle (at 2.54 0 270) (size 1.8 1.8) (drill 0.9) (layers *.Cu *.Mask)
      (net 7 "Net-(D6-Pad2)"))
    (pad 1 thru_hole rect (at 0 0 270) (size 1.8 1.8) (drill 0.9) (layers *.Cu *.Mask)
      (net 1 GND))
    (model ${KISYS3DMOD}/LED_THT.3dshapes/LED_D5.0mm.wrl
      (at (xyz 0 0 0))
      (scale (xyz 1 1 1))
      (rotate (xyz 0 0 0))
    )
  )

  (module LED_THT:LED_D5.0mm (layer F.Cu) (tedit 5995936A) (tstamp 5EC3885D)
    (at 19.685 65.278 270)
    (descr "LED, diameter 5.0mm, 2 pins, http://cdn-reichelt.de/documents/datenblatt/A500/LL-504BC2E-009.pdf")
    (tags "LED diameter 5.0mm 2 pins")
    (path /5EC179E2)
    (fp_text reference D7 (at 1.27 -3.96 90) (layer F.SilkS)
      (effects (font (size 1 1) (thickness 0.15)))
    )
    (fp_text value LED (at 1.27 3.96 90) (layer F.Fab)
      (effects (font (size 1 1) (thickness 0.15)))
    )
    (fp_arc (start 1.27 0) (end -1.23 -1.469694) (angle 299.1) (layer F.Fab) (width 0.1))
    (fp_arc (start 1.27 0) (end -1.29 -1.54483) (angle 148.9) (layer F.SilkS) (width 0.12))
    (fp_arc (start 1.27 0) (end -1.29 1.54483) (angle -148.9) (layer F.SilkS) (width 0.12))
    (fp_circle (center 1.27 0) (end 3.77 0) (layer F.Fab) (width 0.1))
    (fp_circle (center 1.27 0) (end 3.77 0) (layer F.SilkS) (width 0.12))
    (fp_line (start -1.23 -1.469694) (end -1.23 1.469694) (layer F.Fab) (width 0.1))
    (fp_line (start -1.29 -1.545) (end -1.29 1.545) (layer F.SilkS) (width 0.12))
    (fp_line (start -1.95 -3.25) (end -1.95 3.25) (layer F.CrtYd) (width 0.05))
    (fp_line (start -1.95 3.25) (end 4.5 3.25) (layer F.CrtYd) (width 0.05))
    (fp_line (start 4.5 3.25) (end 4.5 -3.25) (layer F.CrtYd) (width 0.05))
    (fp_line (start 4.5 -3.25) (end -1.95 -3.25) (layer F.CrtYd) (width 0.05))
    (fp_text user %R (at 1.25 0 90) (layer F.Fab)
      (effects (font (size 0.8 0.8) (thickness 0.2)))
    )
    (pad 1 thru_hole rect (at 0 0 270) (size 1.8 1.8) (drill 0.9) (layers *.Cu *.Mask)
      (net 1 GND))
    (pad 2 thru_hole circle (at 2.54 0 270) (size 1.8 1.8) (drill 0.9) (layers *.Cu *.Mask)
      (net 8 "Net-(D7-Pad2)"))
    (model ${KISYS3DMOD}/LED_THT.3dshapes/LED_D5.0mm.wrl
      (at (xyz 0 0 0))
      (scale (xyz 1 1 1))
      (rotate (xyz 0 0 0))
    )
  )

  (module LED_THT:LED_D5.0mm (layer F.Cu) (tedit 5995936A) (tstamp 5EC3882A)
    (at 8.255 65.278 270)
    (descr "LED, diameter 5.0mm, 2 pins, http://cdn-reichelt.de/documents/datenblatt/A500/LL-504BC2E-009.pdf")
    (tags "LED diameter 5.0mm 2 pins")
    (path /5EC179EC)
    (fp_text reference D8 (at 1.27 -3.96 90) (layer F.SilkS)
      (effects (font (size 1 1) (thickness 0.15)))
    )
    (fp_text value LED (at 1.27 3.96 90) (layer F.Fab)
      (effects (font (size 1 1) (thickness 0.15)))
    )
    (fp_text user %R (at 1.25 0 90) (layer F.Fab)
      (effects (font (size 0.8 0.8) (thickness 0.2)))
    )
    (fp_line (start 4.5 -3.25) (end -1.95 -3.25) (layer F.CrtYd) (width 0.05))
    (fp_line (start 4.5 3.25) (end 4.5 -3.25) (layer F.CrtYd) (width 0.05))
    (fp_line (start -1.95 3.25) (end 4.5 3.25) (layer F.CrtYd) (width 0.05))
    (fp_line (start -1.95 -3.25) (end -1.95 3.25) (layer F.CrtYd) (width 0.05))
    (fp_line (start -1.29 -1.545) (end -1.29 1.545) (layer F.SilkS) (width 0.12))
    (fp_line (start -1.23 -1.469694) (end -1.23 1.469694) (layer F.Fab) (width 0.1))
    (fp_circle (center 1.27 0) (end 3.77 0) (layer F.SilkS) (width 0.12))
    (fp_circle (center 1.27 0) (end 3.77 0) (layer F.Fab) (width 0.1))
    (fp_arc (start 1.27 0) (end -1.29 1.54483) (angle -148.9) (layer F.SilkS) (width 0.12))
    (fp_arc (start 1.27 0) (end -1.29 -1.54483) (angle 148.9) (layer F.SilkS) (width 0.12))
    (fp_arc (start 1.27 0) (end -1.23 -1.469694) (angle 299.1) (layer F.Fab) (width 0.1))
    (pad 2 thru_hole circle (at 2.54 0 270) (size 1.8 1.8) (drill 0.9) (layers *.Cu *.Mask)
      (net 9 "Net-(D8-Pad2)"))
    (pad 1 thru_hole rect (at 0 0 270) (size 1.8 1.8) (drill 0.9) (layers *.Cu *.Mask)
      (net 1 GND))
    (model ${KISYS3DMOD}/LED_THT.3dshapes/LED_D5.0mm.wrl
      (at (xyz 0 0 0))
      (scale (xyz 1 1 1))
      (rotate (xyz 0 0 0))
    )
  )

  (module HammerheadAudio:Phoenix_Stacked (layer F.Cu) (tedit 5EC092E3) (tstamp 5EC37038)
    (at 10.16 25.4 180)
    (descr "Generic Phoenix Contact connector footprint for: MCV_1,5/2-G-3.81; number of pins: 02; pin pitch: 3.81mm; Vertical || order number: 1803426 8A 160V")
    (tags "phoenix_contact connector MCV_01x02_G_3.81mm")
    (path /5EC4D5AD)
    (fp_text reference J1 (at 1.9 -5.45) (layer F.SilkS)
      (effects (font (size 1 1) (thickness 0.15)))
    )
    (fp_text value CONN (at 1.9 4.2) (layer F.Fab)
      (effects (font (size 1 1) (thickness 0.15)))
    )
    (fp_arc (start 0 3.95) (end -0.75 2.25) (angle 47.6) (layer F.SilkS) (width 0.12))
    (fp_arc (start 3.81 3.95) (end 3.06 2.25) (angle 47.6) (layer F.SilkS) (width 0.12))
    (fp_line (start -2.71 -4.36) (end -2.71 3.11) (layer F.SilkS) (width 0.12))
    (fp_line (start -2.71 3.11) (end 6.52 3.11) (layer F.SilkS) (width 0.12))
    (fp_line (start 6.52 3.11) (end 6.52 -4.36) (layer F.SilkS) (width 0.12))
    (fp_line (start 6.52 -4.36) (end -2.71 -4.36) (layer F.SilkS) (width 0.12))
    (fp_line (start -2.6 -4.25) (end -2.6 3) (layer F.Fab) (width 0.1))
    (fp_line (start -2.6 3) (end 6.41 3) (layer F.Fab) (width 0.1))
    (fp_line (start 6.41 3) (end 6.41 -4.25) (layer F.Fab) (width 0.1))
    (fp_line (start 6.41 -4.25) (end -2.6 -4.25) (layer F.Fab) (width 0.1))
    (fp_line (start -0.75 2.25) (end -1.5 2.25) (layer F.SilkS) (width 0.12))
    (fp_line (start -1.5 2.25) (end -1.5 -2.05) (layer F.SilkS) (width 0.12))
    (fp_line (start -1.5 -2.05) (end -0.75 -2.05) (layer F.SilkS) (width 0.12))
    (fp_line (start -0.75 -2.05) (end -0.75 -2.4) (layer F.SilkS) (width 0.12))
    (fp_line (start -0.75 -2.4) (end -1.25 -2.4) (layer F.SilkS) (width 0.12))
    (fp_line (start -1.25 -2.4) (end -1.5 -3.4) (layer F.SilkS) (width 0.12))
    (fp_line (start -1.5 -3.4) (end 1.5 -3.4) (layer F.SilkS) (width 0.12))
    (fp_line (start 1.5 -3.4) (end 1.25 -2.4) (layer F.SilkS) (width 0.12))
    (fp_line (start 1.25 -2.4) (end 0.75 -2.4) (layer F.SilkS) (width 0.12))
    (fp_line (start 0.75 -2.4) (end 0.75 -2.05) (layer F.SilkS) (width 0.12))
    (fp_line (start 0.75 -2.05) (end 1.5 -2.05) (layer F.SilkS) (width 0.12))
    (fp_line (start 1.5 -2.05) (end 1.5 2.25) (layer F.SilkS) (width 0.12))
    (fp_line (start 1.5 2.25) (end 0.75 2.25) (layer F.SilkS) (width 0.12))
    (fp_line (start 3.06 2.25) (end 2.31 2.25) (layer F.SilkS) (width 0.12))
    (fp_line (start 2.31 2.25) (end 2.31 -2.05) (layer F.SilkS) (width 0.12))
    (fp_line (start 2.31 -2.05) (end 3.06 -2.05) (layer F.SilkS) (width 0.12))
    (fp_line (start 3.06 -2.05) (end 3.06 -2.4) (layer F.SilkS) (width 0.12))
    (fp_line (start 3.06 -2.4) (end 2.56 -2.4) (layer F.SilkS) (width 0.12))
    (fp_line (start 2.56 -2.4) (end 2.31 -3.4) (layer F.SilkS) (width 0.12))
    (fp_line (start 2.31 -3.4) (end 5.31 -3.4) (layer F.SilkS) (width 0.12))
    (fp_line (start 5.31 -3.4) (end 5.06 -2.4) (layer F.SilkS) (width 0.12))
    (fp_line (start 5.06 -2.4) (end 4.56 -2.4) (layer F.SilkS) (width 0.12))
    (fp_line (start 4.56 -2.4) (end 4.56 -2.05) (layer F.SilkS) (width 0.12))
    (fp_line (start 4.56 -2.05) (end 5.31 -2.05) (layer F.SilkS) (width 0.12))
    (fp_line (start 5.31 -2.05) (end 5.31 2.25) (layer F.SilkS) (width 0.12))
    (fp_line (start 5.31 2.25) (end 4.56 2.25) (layer F.SilkS) (width 0.12))
    (fp_line (start -3.1 -4.75) (end -3.1 3.5) (layer F.CrtYd) (width 0.05))
    (fp_line (start -3.1 3.5) (end 6.91 3.5) (layer F.CrtYd) (width 0.05))
    (fp_line (start 6.91 3.5) (end 6.91 -4.75) (layer F.CrtYd) (width 0.05))
    (fp_line (start 6.91 -4.75) (end -3.1 -4.75) (layer F.CrtYd) (width 0.05))
    (fp_line (start -3.1 -3.5) (end -3.1 -4.75) (layer F.SilkS) (width 0.12))
    (fp_line (start -3.1 -4.75) (end -1.1 -4.75) (layer F.SilkS) (width 0.12))
    (fp_line (start -3.1 -3.5) (end -3.1 -4.75) (layer F.Fab) (width 0.1))
    (fp_line (start -3.1 -4.75) (end -1.1 -4.75) (layer F.Fab) (width 0.1))
    (fp_text user %R (at 1.9 -3.55) (layer F.Fab)
      (effects (font (size 1 1) (thickness 0.15)))
    )
    (fp_line (start 6.91 8.5) (end 6.91 -2.3) (layer F.CrtYd) (width 0.05))
    (fp_line (start -3.21 8.5) (end 6.91 8.5) (layer F.CrtYd) (width 0.05))
    (fp_line (start -3.21 -2.3) (end -3.21 8.5) (layer F.CrtYd) (width 0.05))
    (fp_line (start -2.71 4.8) (end 6.52 4.8) (layer F.SilkS) (width 0.12))
    (fp_line (start 6.41 -1.2) (end -2.6 -1.2) (layer F.Fab) (width 0.1))
    (fp_line (start 6.41 8) (end 6.41 -1.2) (layer F.Fab) (width 0.1))
    (fp_line (start -2.6 8) (end 6.41 8) (layer F.Fab) (width 0.1))
    (fp_line (start -2.6 -1.2) (end -2.6 8) (layer F.Fab) (width 0.1))
    (fp_line (start -2.71 -1.31) (end -1.05 -1.31) (layer F.SilkS) (width 0.12))
    (fp_line (start 6.52 -1.31) (end 4.86 -1.31) (layer F.SilkS) (width 0.12))
    (fp_line (start 0 -2) (end -0.3 -2.6) (layer F.SilkS) (width 0.12))
    (fp_line (start 0.3 -2.6) (end 0 -2) (layer F.SilkS) (width 0.12))
    (fp_line (start 6.91 -2.3) (end -3.21 -2.3) (layer F.CrtYd) (width 0.05))
    (fp_line (start 1.05 -1.31) (end 2.76 -1.31) (layer F.SilkS) (width 0.12))
    (fp_line (start 6.52 8.11) (end 6.52 -1.31) (layer F.SilkS) (width 0.12))
    (fp_line (start 0 0) (end -0.8 -1.2) (layer F.Fab) (width 0.1))
    (fp_line (start 0.8 -1.2) (end 0 0) (layer F.Fab) (width 0.1))
    (fp_line (start -0.3 -2.6) (end 0.3 -2.6) (layer F.SilkS) (width 0.12))
    (fp_line (start -2.71 8.11) (end 6.52 8.11) (layer F.SilkS) (width 0.12))
    (fp_line (start -2.71 -1.31) (end -2.71 8.11) (layer F.SilkS) (width 0.12))
    (fp_text user %R (at 1.9 -0.5) (layer F.Fab)
      (effects (font (size 1 1) (thickness 0.15)))
    )
    (pad 1 thru_hole roundrect (at 0 0 180) (size 1.8 3.6) (drill 1.2) (layers *.Cu *.Mask) (roundrect_rratio 0.138889)
      (net 10 VDD))
    (pad 2 thru_hole oval (at 3.81 0 180) (size 1.8 3.6) (drill 1.2) (layers *.Cu *.Mask)
      (net 26 O1))
    (pad 2 thru_hole oval (at 3.81 0 180) (size 1.8 3.6) (drill 1.2) (layers *.Cu *.Mask)
      (net 26 O1))
    (pad 1 thru_hole roundrect (at 0 0 180) (size 1.8 3.6) (drill 1.2) (layers *.Cu *.Mask) (roundrect_rratio 0.138889)
      (net 10 VDD))
    (model ${KISYS3DMOD}/Connector_Phoenix_MC.3dshapes/PhoenixContact_MCV_1,5_2-G-3.81_1x02_P3.81mm_Vertical.wrl
      (at (xyz 0 0 0))
      (scale (xyz 1 1 1))
      (rotate (xyz 0 0 0))
    )
  )

  (module HammerheadAudio:Phoenix_Stacked (layer F.Cu) (tedit 5EC092E3) (tstamp 5EC35173)
    (at 21.59 25.4 180)
    (descr "Generic Phoenix Contact connector footprint for: MCV_1,5/2-G-3.81; number of pins: 02; pin pitch: 3.81mm; Vertical || order number: 1803426 8A 160V")
    (tags "phoenix_contact connector MCV_01x02_G_3.81mm")
    (path /5EC5396B)
    (fp_text reference J2 (at 1.9 -5.45) (layer F.SilkS)
      (effects (font (size 1 1) (thickness 0.15)))
    )
    (fp_text value CONN (at 1.9 4.2) (layer F.Fab)
      (effects (font (size 1 1) (thickness 0.15)))
    )
    (fp_text user %R (at 1.9 -0.5) (layer F.Fab)
      (effects (font (size 1 1) (thickness 0.15)))
    )
    (fp_line (start -2.71 -1.31) (end -2.71 8.11) (layer F.SilkS) (width 0.12))
    (fp_line (start -2.71 8.11) (end 6.52 8.11) (layer F.SilkS) (width 0.12))
    (fp_line (start -0.3 -2.6) (end 0.3 -2.6) (layer F.SilkS) (width 0.12))
    (fp_line (start 0.8 -1.2) (end 0 0) (layer F.Fab) (width 0.1))
    (fp_line (start 0 0) (end -0.8 -1.2) (layer F.Fab) (width 0.1))
    (fp_line (start 6.52 8.11) (end 6.52 -1.31) (layer F.SilkS) (width 0.12))
    (fp_line (start 1.05 -1.31) (end 2.76 -1.31) (layer F.SilkS) (width 0.12))
    (fp_line (start 6.91 -2.3) (end -3.21 -2.3) (layer F.CrtYd) (width 0.05))
    (fp_line (start 0.3 -2.6) (end 0 -2) (layer F.SilkS) (width 0.12))
    (fp_line (start 0 -2) (end -0.3 -2.6) (layer F.SilkS) (width 0.12))
    (fp_line (start 6.52 -1.31) (end 4.86 -1.31) (layer F.SilkS) (width 0.12))
    (fp_line (start -2.71 -1.31) (end -1.05 -1.31) (layer F.SilkS) (width 0.12))
    (fp_line (start -2.6 -1.2) (end -2.6 8) (layer F.Fab) (width 0.1))
    (fp_line (start -2.6 8) (end 6.41 8) (layer F.Fab) (width 0.1))
    (fp_line (start 6.41 8) (end 6.41 -1.2) (layer F.Fab) (width 0.1))
    (fp_line (start 6.41 -1.2) (end -2.6 -1.2) (layer F.Fab) (width 0.1))
    (fp_line (start -2.71 4.8) (end 6.52 4.8) (layer F.SilkS) (width 0.12))
    (fp_line (start -3.21 -2.3) (end -3.21 8.5) (layer F.CrtYd) (width 0.05))
    (fp_line (start -3.21 8.5) (end 6.91 8.5) (layer F.CrtYd) (width 0.05))
    (fp_line (start 6.91 8.5) (end 6.91 -2.3) (layer F.CrtYd) (width 0.05))
    (fp_text user %R (at 1.9 -3.55) (layer F.Fab)
      (effects (font (size 1 1) (thickness 0.15)))
    )
    (fp_line (start -3.1 -4.75) (end -1.1 -4.75) (layer F.Fab) (width 0.1))
    (fp_line (start -3.1 -3.5) (end -3.1 -4.75) (layer F.Fab) (width 0.1))
    (fp_line (start -3.1 -4.75) (end -1.1 -4.75) (layer F.SilkS) (width 0.12))
    (fp_line (start -3.1 -3.5) (end -3.1 -4.75) (layer F.SilkS) (width 0.12))
    (fp_line (start 6.91 -4.75) (end -3.1 -4.75) (layer F.CrtYd) (width 0.05))
    (fp_line (start 6.91 3.5) (end 6.91 -4.75) (layer F.CrtYd) (width 0.05))
    (fp_line (start -3.1 3.5) (end 6.91 3.5) (layer F.CrtYd) (width 0.05))
    (fp_line (start -3.1 -4.75) (end -3.1 3.5) (layer F.CrtYd) (width 0.05))
    (fp_line (start 5.31 2.25) (end 4.56 2.25) (layer F.SilkS) (width 0.12))
    (fp_line (start 5.31 -2.05) (end 5.31 2.25) (layer F.SilkS) (width 0.12))
    (fp_line (start 4.56 -2.05) (end 5.31 -2.05) (layer F.SilkS) (width 0.12))
    (fp_line (start 4.56 -2.4) (end 4.56 -2.05) (layer F.SilkS) (width 0.12))
    (fp_line (start 5.06 -2.4) (end 4.56 -2.4) (layer F.SilkS) (width 0.12))
    (fp_line (start 5.31 -3.4) (end 5.06 -2.4) (layer F.SilkS) (width 0.12))
    (fp_line (start 2.31 -3.4) (end 5.31 -3.4) (layer F.SilkS) (width 0.12))
    (fp_line (start 2.56 -2.4) (end 2.31 -3.4) (layer F.SilkS) (width 0.12))
    (fp_line (start 3.06 -2.4) (end 2.56 -2.4) (layer F.SilkS) (width 0.12))
    (fp_line (start 3.06 -2.05) (end 3.06 -2.4) (layer F.SilkS) (width 0.12))
    (fp_line (start 2.31 -2.05) (end 3.06 -2.05) (layer F.SilkS) (width 0.12))
    (fp_line (start 2.31 2.25) (end 2.31 -2.05) (layer F.SilkS) (width 0.12))
    (fp_line (start 3.06 2.25) (end 2.31 2.25) (layer F.SilkS) (width 0.12))
    (fp_line (start 1.5 2.25) (end 0.75 2.25) (layer F.SilkS) (width 0.12))
    (fp_line (start 1.5 -2.05) (end 1.5 2.25) (layer F.SilkS) (width 0.12))
    (fp_line (start 0.75 -2.05) (end 1.5 -2.05) (layer F.SilkS) (width 0.12))
    (fp_line (start 0.75 -2.4) (end 0.75 -2.05) (layer F.SilkS) (width 0.12))
    (fp_line (start 1.25 -2.4) (end 0.75 -2.4) (layer F.SilkS) (width 0.12))
    (fp_line (start 1.5 -3.4) (end 1.25 -2.4) (layer F.SilkS) (width 0.12))
    (fp_line (start -1.5 -3.4) (end 1.5 -3.4) (layer F.SilkS) (width 0.12))
    (fp_line (start -1.25 -2.4) (end -1.5 -3.4) (layer F.SilkS) (width 0.12))
    (fp_line (start -0.75 -2.4) (end -1.25 -2.4) (layer F.SilkS) (width 0.12))
    (fp_line (start -0.75 -2.05) (end -0.75 -2.4) (layer F.SilkS) (width 0.12))
    (fp_line (start -1.5 -2.05) (end -0.75 -2.05) (layer F.SilkS) (width 0.12))
    (fp_line (start -1.5 2.25) (end -1.5 -2.05) (layer F.SilkS) (width 0.12))
    (fp_line (start -0.75 2.25) (end -1.5 2.25) (layer F.SilkS) (width 0.12))
    (fp_line (start 6.41 -4.25) (end -2.6 -4.25) (layer F.Fab) (width 0.1))
    (fp_line (start 6.41 3) (end 6.41 -4.25) (layer F.Fab) (width 0.1))
    (fp_line (start -2.6 3) (end 6.41 3) (layer F.Fab) (width 0.1))
    (fp_line (start -2.6 -4.25) (end -2.6 3) (layer F.Fab) (width 0.1))
    (fp_line (start 6.52 -4.36) (end -2.71 -4.36) (layer F.SilkS) (width 0.12))
    (fp_line (start 6.52 3.11) (end 6.52 -4.36) (layer F.SilkS) (width 0.12))
    (fp_line (start -2.71 3.11) (end 6.52 3.11) (layer F.SilkS) (width 0.12))
    (fp_line (start -2.71 -4.36) (end -2.71 3.11) (layer F.SilkS) (width 0.12))
    (fp_arc (start 3.81 3.95) (end 3.06 2.25) (angle 47.6) (layer F.SilkS) (width 0.12))
    (fp_arc (start 0 3.95) (end -0.75 2.25) (angle 47.6) (layer F.SilkS) (width 0.12))
    (pad 1 thru_hole roundrect (at 0 0 180) (size 1.8 3.6) (drill 1.2) (layers *.Cu *.Mask) (roundrect_rratio 0.138889)
      (net 10 VDD))
    (pad 2 thru_hole oval (at 3.81 0 180) (size 1.8 3.6) (drill 1.2) (layers *.Cu *.Mask)
      (net 27 O2))
    (pad 2 thru_hole oval (at 3.81 0 180) (size 1.8 3.6) (drill 1.2) (layers *.Cu *.Mask)
      (net 27 O2))
    (pad 1 thru_hole roundrect (at 0 0 180) (size 1.8 3.6) (drill 1.2) (layers *.Cu *.Mask) (roundrect_rratio 0.138889)
      (net 10 VDD))
    (model ${KISYS3DMOD}/Connector_Phoenix_MC.3dshapes/PhoenixContact_MCV_1,5_2-G-3.81_1x02_P3.81mm_Vertical.wrl
      (at (xyz 0 0 0))
      (scale (xyz 1 1 1))
      (rotate (xyz 0 0 0))
    )
  )

  (module HammerheadAudio:Phoenix_Stacked (layer F.Cu) (tedit 5EC092E3) (tstamp 5EC351BD)
    (at 33.02 25.4 180)
    (descr "Generic Phoenix Contact connector footprint for: MCV_1,5/2-G-3.81; number of pins: 02; pin pitch: 3.81mm; Vertical || order number: 1803426 8A 160V")
    (tags "phoenix_contact connector MCV_01x02_G_3.81mm")
    (path /5EC5664B)
    (fp_text reference J3 (at 1.9 -5.45) (layer F.SilkS)
      (effects (font (size 1 1) (thickness 0.15)))
    )
    (fp_text value CONN (at 1.9 4.2) (layer F.Fab)
      (effects (font (size 1 1) (thickness 0.15)))
    )
    (fp_arc (start 0 3.95) (end -0.75 2.25) (angle 47.6) (layer F.SilkS) (width 0.12))
    (fp_arc (start 3.81 3.95) (end 3.06 2.25) (angle 47.6) (layer F.SilkS) (width 0.12))
    (fp_line (start -2.71 -4.36) (end -2.71 3.11) (layer F.SilkS) (width 0.12))
    (fp_line (start -2.71 3.11) (end 6.52 3.11) (layer F.SilkS) (width 0.12))
    (fp_line (start 6.52 3.11) (end 6.52 -4.36) (layer F.SilkS) (width 0.12))
    (fp_line (start 6.52 -4.36) (end -2.71 -4.36) (layer F.SilkS) (width 0.12))
    (fp_line (start -2.6 -4.25) (end -2.6 3) (layer F.Fab) (width 0.1))
    (fp_line (start -2.6 3) (end 6.41 3) (layer F.Fab) (width 0.1))
    (fp_line (start 6.41 3) (end 6.41 -4.25) (layer F.Fab) (width 0.1))
    (fp_line (start 6.41 -4.25) (end -2.6 -4.25) (layer F.Fab) (width 0.1))
    (fp_line (start -0.75 2.25) (end -1.5 2.25) (layer F.SilkS) (width 0.12))
    (fp_line (start -1.5 2.25) (end -1.5 -2.05) (layer F.SilkS) (width 0.12))
    (fp_line (start -1.5 -2.05) (end -0.75 -2.05) (layer F.SilkS) (width 0.12))
    (fp_line (start -0.75 -2.05) (end -0.75 -2.4) (layer F.SilkS) (width 0.12))
    (fp_line (start -0.75 -2.4) (end -1.25 -2.4) (layer F.SilkS) (width 0.12))
    (fp_line (start -1.25 -2.4) (end -1.5 -3.4) (layer F.SilkS) (width 0.12))
    (fp_line (start -1.5 -3.4) (end 1.5 -3.4) (layer F.SilkS) (width 0.12))
    (fp_line (start 1.5 -3.4) (end 1.25 -2.4) (layer F.SilkS) (width 0.12))
    (fp_line (start 1.25 -2.4) (end 0.75 -2.4) (layer F.SilkS) (width 0.12))
    (fp_line (start 0.75 -2.4) (end 0.75 -2.05) (layer F.SilkS) (width 0.12))
    (fp_line (start 0.75 -2.05) (end 1.5 -2.05) (layer F.SilkS) (width 0.12))
    (fp_line (start 1.5 -2.05) (end 1.5 2.25) (layer F.SilkS) (width 0.12))
    (fp_line (start 1.5 2.25) (end 0.75 2.25) (layer F.SilkS) (width 0.12))
    (fp_line (start 3.06 2.25) (end 2.31 2.25) (layer F.SilkS) (width 0.12))
    (fp_line (start 2.31 2.25) (end 2.31 -2.05) (layer F.SilkS) (width 0.12))
    (fp_line (start 2.31 -2.05) (end 3.06 -2.05) (layer F.SilkS) (width 0.12))
    (fp_line (start 3.06 -2.05) (end 3.06 -2.4) (layer F.SilkS) (width 0.12))
    (fp_line (start 3.06 -2.4) (end 2.56 -2.4) (layer F.SilkS) (width 0.12))
    (fp_line (start 2.56 -2.4) (end 2.31 -3.4) (layer F.SilkS) (width 0.12))
    (fp_line (start 2.31 -3.4) (end 5.31 -3.4) (layer F.SilkS) (width 0.12))
    (fp_line (start 5.31 -3.4) (end 5.06 -2.4) (layer F.SilkS) (width 0.12))
    (fp_line (start 5.06 -2.4) (end 4.56 -2.4) (layer F.SilkS) (width 0.12))
    (fp_line (start 4.56 -2.4) (end 4.56 -2.05) (layer F.SilkS) (width 0.12))
    (fp_line (start 4.56 -2.05) (end 5.31 -2.05) (layer F.SilkS) (width 0.12))
    (fp_line (start 5.31 -2.05) (end 5.31 2.25) (layer F.SilkS) (width 0.12))
    (fp_line (start 5.31 2.25) (end 4.56 2.25) (layer F.SilkS) (width 0.12))
    (fp_line (start -3.1 -4.75) (end -3.1 3.5) (layer F.CrtYd) (width 0.05))
    (fp_line (start -3.1 3.5) (end 6.91 3.5) (layer F.CrtYd) (width 0.05))
    (fp_line (start 6.91 3.5) (end 6.91 -4.75) (layer F.CrtYd) (width 0.05))
    (fp_line (start 6.91 -4.75) (end -3.1 -4.75) (layer F.CrtYd) (width 0.05))
    (fp_line (start -3.1 -3.5) (end -3.1 -4.75) (layer F.SilkS) (width 0.12))
    (fp_line (start -3.1 -4.75) (end -1.1 -4.75) (layer F.SilkS) (width 0.12))
    (fp_line (start -3.1 -3.5) (end -3.1 -4.75) (layer F.Fab) (width 0.1))
    (fp_line (start -3.1 -4.75) (end -1.1 -4.75) (layer F.Fab) (width 0.1))
    (fp_text user %R (at 1.9 -3.55) (layer F.Fab)
      (effects (font (size 1 1) (thickness 0.15)))
    )
    (fp_line (start 6.91 8.5) (end 6.91 -2.3) (layer F.CrtYd) (width 0.05))
    (fp_line (start -3.21 8.5) (end 6.91 8.5) (layer F.CrtYd) (width 0.05))
    (fp_line (start -3.21 -2.3) (end -3.21 8.5) (layer F.CrtYd) (width 0.05))
    (fp_line (start -2.71 4.8) (end 6.52 4.8) (layer F.SilkS) (width 0.12))
    (fp_line (start 6.41 -1.2) (end -2.6 -1.2) (layer F.Fab) (width 0.1))
    (fp_line (start 6.41 8) (end 6.41 -1.2) (layer F.Fab) (width 0.1))
    (fp_line (start -2.6 8) (end 6.41 8) (layer F.Fab) (width 0.1))
    (fp_line (start -2.6 -1.2) (end -2.6 8) (layer F.Fab) (width 0.1))
    (fp_line (start -2.71 -1.31) (end -1.05 -1.31) (layer F.SilkS) (width 0.12))
    (fp_line (start 6.52 -1.31) (end 4.86 -1.31) (layer F.SilkS) (width 0.12))
    (fp_line (start 0 -2) (end -0.3 -2.6) (layer F.SilkS) (width 0.12))
    (fp_line (start 0.3 -2.6) (end 0 -2) (layer F.SilkS) (width 0.12))
    (fp_line (start 6.91 -2.3) (end -3.21 -2.3) (layer F.CrtYd) (width 0.05))
    (fp_line (start 1.05 -1.31) (end 2.76 -1.31) (layer F.SilkS) (width 0.12))
    (fp_line (start 6.52 8.11) (end 6.52 -1.31) (layer F.SilkS) (width 0.12))
    (fp_line (start 0 0) (end -0.8 -1.2) (layer F.Fab) (width 0.1))
    (fp_line (start 0.8 -1.2) (end 0 0) (layer F.Fab) (width 0.1))
    (fp_line (start -0.3 -2.6) (end 0.3 -2.6) (layer F.SilkS) (width 0.12))
    (fp_line (start -2.71 8.11) (end 6.52 8.11) (layer F.SilkS) (width 0.12))
    (fp_line (start -2.71 -1.31) (end -2.71 8.11) (layer F.SilkS) (width 0.12))
    (fp_text user %R (at 1.9 -0.5) (layer F.Fab)
      (effects (font (size 1 1) (thickness 0.15)))
    )
    (pad 1 thru_hole roundrect (at 0 0 180) (size 1.8 3.6) (drill 1.2) (layers *.Cu *.Mask) (roundrect_rratio 0.138889)
      (net 10 VDD))
    (pad 2 thru_hole oval (at 3.81 0 180) (size 1.8 3.6) (drill 1.2) (layers *.Cu *.Mask)
      (net 28 O3))
    (pad 2 thru_hole oval (at 3.81 0 180) (size 1.8 3.6) (drill 1.2) (layers *.Cu *.Mask)
      (net 28 O3))
    (pad 1 thru_hole roundrect (at 0 0 180) (size 1.8 3.6) (drill 1.2) (layers *.Cu *.Mask) (roundrect_rratio 0.138889)
      (net 10 VDD))
    (model ${KISYS3DMOD}/Connector_Phoenix_MC.3dshapes/PhoenixContact_MCV_1,5_2-G-3.81_1x02_P3.81mm_Vertical.wrl
      (at (xyz 0 0 0))
      (scale (xyz 1 1 1))
      (rotate (xyz 0 0 0))
    )
  )

  (module HammerheadAudio:Phoenix_Stacked (layer F.Cu) (tedit 5EC092E3) (tstamp 5EC35207)
    (at 44.45 25.4 180)
    (descr "Generic Phoenix Contact connector footprint for: MCV_1,5/2-G-3.81; number of pins: 02; pin pitch: 3.81mm; Vertical || order number: 1803426 8A 160V")
    (tags "phoenix_contact connector MCV_01x02_G_3.81mm")
    (path /5EC56661)
    (fp_text reference J4 (at 1.9 -5.45) (layer F.SilkS)
      (effects (font (size 1 1) (thickness 0.15)))
    )
    (fp_text value CONN (at 1.9 4.2) (layer F.Fab)
      (effects (font (size 1 1) (thickness 0.15)))
    )
    (fp_text user %R (at 1.9 -0.5) (layer F.Fab)
      (effects (font (size 1 1) (thickness 0.15)))
    )
    (fp_line (start -2.71 -1.31) (end -2.71 8.11) (layer F.SilkS) (width 0.12))
    (fp_line (start -2.71 8.11) (end 6.52 8.11) (layer F.SilkS) (width 0.12))
    (fp_line (start -0.3 -2.6) (end 0.3 -2.6) (layer F.SilkS) (width 0.12))
    (fp_line (start 0.8 -1.2) (end 0 0) (layer F.Fab) (width 0.1))
    (fp_line (start 0 0) (end -0.8 -1.2) (layer F.Fab) (width 0.1))
    (fp_line (start 6.52 8.11) (end 6.52 -1.31) (layer F.SilkS) (width 0.12))
